           1           2   1.57320637473661     
           1           3  0.109938646770060     
           2           3   1.14690484505363     
           3           4   1.51258726273448     
           4           5   1.01176119423186     
           5           6  0.988577784253716     
           6           7  0.992398590072019     
           7           8  0.986729459981078     
           8           9   1.80568363736483     
           8          10   1.03985327687325     
          10          11   1.90128450022881     
           1          12  0.104122108765618     
           2          12   1.16766026453302     
           3          12  0.128574977659951     
          12          13   1.25727429049559     
           4          14   1.33290887446955     
          12          14  0.211807944088074     
          13          14   1.21496024926239     
           3          15  0.965906146560728     
           5          16  0.962942155203037     
           5          17  0.973513685583418     
           6          18  0.974010727830430     
           6          19  0.973751636610425     
           7          20  0.974279710548504     
           7          21  0.944367823302834     
          10          22  0.962665282169196     
          11          23  0.971290755180530     
          11          24  0.974138982836286     
          12          25  0.955274298836527     
          14          26  0.953382335860731     
