$coord
          5.972011309617          0.248226258441          2.424549783033     o 
          4.156988608694          0.292190983439          0.984236207518     c 
          2.468177036683          2.548283391846          0.896520701879     c 
          0.430136863777          2.399375914682         -0.622934573500     c 
         -1.661853096625          4.310417823304         -0.552624320625     c 
         -4.239683889236          3.045729294488         -0.158830912213     c 
         -4.164802780661          0.872952992008          1.740605330607     c 
         -3.552329293398         -1.679531673852          0.570308000031     c 
         -4.909172866892         -3.514676282252          1.072384634529     o 
         -1.198422098140         -2.097114912750         -1.020931063002     c 
          1.012441930076         -3.248986005844          0.457871277629     c 
          3.341109153294         -1.943331915109         -0.655606722494     c 
          2.465065973891         -0.834617192855         -2.985313535702     o 
          0.004432930634          0.148818579127         -2.342134714838     c 
          2.863293098949          4.080188838422          2.191031083717     h 
         -1.342955237179          5.667457160926          0.982653028225     h 
         -1.684926521584          5.400811047515         -2.313627575153     h 
         -4.977035741613          2.374186047229         -1.977090296107     h 
         -5.564488037144          4.494187023377          0.507769239441     h 
         -6.059404903922          0.695113605561          2.566859444791     h 
         -2.867416819741          1.233415552595          3.311949028870     h 
         -1.739838983306         -3.454825709812         -2.499074325289     h 
          0.854145169922         -2.995369367722          2.506618821424     h 
          1.096515149037         -5.286907397613          0.095436153620     h 
          4.940876598814         -3.196990091058         -1.020082699269     h 
         -0.958334754427          0.690764136705         -4.090350365144     h 
$end
