           1           2   1.63721319986881     
           2           3   1.12724913722424     
           3           4   1.60767125936359     
           4           5   1.01469610737365     
           5           6  0.982981997801006     
           6           7  0.987152997510282     
           7           8  0.983070375006883     
           8           9   1.79645231766956     
           8          10   1.04702917628333     
          10          11   1.49535550812209     
           2          12   1.09152269669538     
          11          12  0.375497927052977     
          12          13   1.14797789085826     
           4          14   1.19681622852550     
          10          14  0.290791296831080     
          12          14  0.124311346603919     
          13          14   1.16157578552432     
           3          15  0.963479257403858     
           5          16  0.964601418831929     
           5          17  0.971633332314306     
           6          18  0.972414760524122     
           6          19  0.975713039618684     
           7          20  0.976241545691962     
           7          21  0.954708582853401     
          10          22  0.954289539375848     
          11          23  0.968917924735001     
          11          24  0.972622142041591     
          12          25  0.957800874522623     
          14          26  0.954284651432808     
