           2           1   1.7572204443573254     
           3           1   5.2146680141047994E-002
           3           2   1.0662886866701971     
           4           1   8.5402529315220591E-002
           4           2   2.6028195604296259E-002
           4           3   1.7800853938430046     
           5           1   3.9552731013737996E-003
           5           2   1.6256706182880509E-002
           5           3   6.9302406168147606E-003
           5           4   1.0145206095964940     
           6           1   2.9670415819313717E-003
           6           3   1.9255307748051283E-002
           6           4   5.0765300817521711E-003
           6           5  0.99194363761747284     
           7           4   2.5302799977274235E-003
           7           5   2.1751974226430688E-003
           7           6  0.99838474602905358     
           8           6   7.0624066766285468E-003
           8           7  0.98218153694845778     
           9           6   1.7532034324825710E-002
           9           7   4.6422327661788818E-002
           9           8   1.8242576756808273     
          10           1   4.2795519720606676E-003
          10           2   3.4900909619623994E-003
          10           3   2.1602726933032251E-002
          10           4   7.2738513511101189E-003
          10           7   1.5661081546911097E-002
          10           8  0.97519847858258601     
          10           9   4.4042125854231083E-002
          11           1   1.8623426436801382E-002
          11           2   1.0309215700815642E-002
          11           3   2.8021542586205042E-003
          11           4   2.2725673264650621E-003
          11           7   2.0161876334494210E-003
          11           8   1.4130644729366450E-002
          11           9   2.3719921396938060E-002
          11          10  0.96688787479924143     
          12           1   4.9209168404792863E-002
          12           2  0.96352706359636930     
          12           3   1.2686968799367771E-002
          12           4   2.1417521434850982E-003
          12           8   6.6262318666439482E-003
          12          10   3.4577365664443848E-003
          12          11  0.97238294688474203     
          13           1   1.7263159061272702E-002
          13           2   2.0406736759160885E-002
          13           3   9.7215974257099363E-003
          13           4   1.5973466201439194E-002
          13           5   1.0103760760715404E-002
          13           8   1.2055949860771353E-002
          13           9   3.3697441712175419E-003
          13          10   1.8559693351883982E-002
          13          11   1.9508726450232185E-002
          13          12  0.95803053551123052     
          14           2   4.9309058033535757E-003
          14           3   5.5341544730302160E-003
          14           4  0.99700390985584231     
          14           5   5.3800036220925862E-003
          14           6   2.0926833666060039E-003
          14           8   3.1733698547737909E-003
          14           9   1.1843005032392336E-002
          14          10  0.96190090757711522     
          14          11   3.6564432560837064E-003
          14          12   6.3738194730537656E-003
          14          13  0.95293403823593514     
          15           1   3.6336745422729678E-003
          15           3  0.96366320565089214     
          15          12   8.4846107280369901E-003
          15          14   1.4157657694825066E-002
          16           5  0.97235010093103280     
          16          14   8.5486683390787448E-003
          17           1   3.0092378224243800E-003
          17           3   1.6599442902585144E-002
          17           5  0.96099671469766978     
          17           7   9.3264143920447316E-003
          17          16   2.3307734634569451E-003
          18           6  0.97474250043531618     
          18          16   8.5425227689357817E-003
          19           4   9.0744369866457182E-003
          19           6  0.97811213574980505     
          19           8   8.9018188332630633E-003
          19          18   2.6038087906397676E-003
          20           5   9.6635366154243143E-003
          20           7  0.97144043064056707     
          20           9   1.1087748447698687E-002
          20          10   7.8299516608225060E-003
          21           7  0.95452745137860573     
          21           8   7.0178816690138184E-003
          21           9   1.6761322229859290E-002
          21          18   8.6990808493079309E-003
          21          20   2.3032094367325170E-003
          22           4   9.0909670946800122E-003
          22           7   5.4715144158953783E-003
          22           8   3.3470330075588048E-003
          22           9   1.1163771116336903E-002
          22          10  0.96081495355329860     
          22          13   2.6648779942279764E-003
          23          11  0.97009250351778020     
          23          13   6.9733149065107584E-003
          23          22   5.4883969444200521E-003
          24           2   7.3542092268349887E-003
          24          11  0.97744336261966502     
          24          14   4.6277226695489500E-003
          24          23   2.0516465232579117E-003
          25           1   4.6739508292304591E-003
          25           3   6.8117455412518828E-003
          25          10   5.3263963650737366E-003
          25          12  0.96728512561782864     
          25          13   7.8025559238966537E-003
          25          14   9.9950069345659340E-003
          26           3   9.9728576594806818E-003
          26          11   8.1772215078541547E-003
          26          12   1.1063414504266912E-002
          26          13   7.6412991428113268E-003
          26          14  0.96616982570322341     
