           1           2   1.57320638651638     
           1           3  0.109938638377147     
           2           3   1.14690484939599     
           3           4   1.51258725749803     
           4           5   1.01176119877453     
           5           6  0.988577778734016     
           6           7  0.992398614001237     
           7           8  0.986729431904222     
           8           9   1.80568367951201     
           8          10   1.03985326628934     
          10          11   1.90128453260703     
           1          12  0.104122117291077     
           2          12   1.16766024545991     
           3          12  0.128574984760315     
          12          13   1.25727427114636     
           4          14   1.33290887720030     
          12          14  0.211807954674259     
          13          14   1.21496026741344     
           3          15  0.965906143385886     
           5          16  0.962942156380571     
           5          17  0.973513685601272     
           6          18  0.974010727733220     
           6          19  0.973751633971577     
           7          20  0.974279704553083     
           7          21  0.944367812345255     
          10          22  0.962665275549748     
          11          23  0.971290756087007     
          11          24  0.974138980214386     
          12          25  0.955274297942014     
          14          26  0.953382337988997     
