           1           2   1.63721322233368     
           2           3   1.12724912296263     
           3           4   1.60767127273074     
           4           5   1.01469610515175     
           5           6  0.982981995074880     
           6           7  0.987153004058263     
           7           8  0.983070375591780     
           8           9   1.79645229413892     
           8          10   1.04702919538727     
          10          11   1.49535550144868     
           2          12   1.09152268876509     
          11          12  0.375497929369516     
          12          13   1.14797788566614     
           4          14   1.19681622259101     
          10          14  0.290791291939494     
          12          14  0.124311349756884     
          13          14   1.16157578569551     
           3          15  0.963479257473136     
           5          16  0.964601423559414     
           5          17  0.971633330951961     
           6          18  0.972414761339245     
           6          19  0.975713041036131     
           7          20  0.976241546251516     
           7          21  0.954708578210589     
          10          22  0.954289545808133     
          11          23  0.968917924582763     
          11          24  0.972622144443467     
          12          25  0.957800873718306     
          14          26  0.954284650937749     
